126 0 0 0
132 0 0 0
133 0 0 0
134 0 0 0
138 0 0 0
139 0 0 0
140 0 0 0
141 0 0 0
142 0 0 0
143 0 0 0
144 0 0 0
145 0 0 0
146 0 0 0
147 0 0 0
148 0 0 0
149 0 0 0
150 0 0 0
158 0 0 0
355 0 0 0
356 0 0 0
357 0 0 0
358 0 0 0
359 0 0 0
360 0 0 0
361 0 0 0
362 0 0 0
363 0 0 0
364 0 0 0
365 0 0 0
366 0 0 0
368 0 0 0
369 0 0 0
370 0 0 0
371 0 0 0
372 0 0 0
373 0 0 0
374 0 0 0
375 0 0 0
376 0 0 0
377 0 0 0
378 0 0 0
379 0 0 0
380 0 0 0
381 0 0 0
382 0 0 0
383 0 0 0
384 0 0 0
385 0 0 0
386 0 0 0
387 0 0 0
388 0 0 0
389 0 0 0
390 0 0 0
391 0 0 0
392 0 0 0
393 0 0 0
394 0 0 0
395 0 0 0
396 0 0 0
397 0 0 0
398 0 0 0
399 0 0 0
400 0 0 0
401 0 0 0
402 0 0 0
403 0 0 0
404 0 0 0
405 0 0 0
406 0 0 0
407 0 0 0
410 0 0 0
411 0 0 0
412 0 0 0
413 0 0 0
414 0 0 0
415 0 0 0
416 0 0 0
419 0 0 0
841 0 0 0
842 0 0 0
843 0 0 0
844 0 0 0
845 0 0 0
846 0 0 0
847 0 0 0
848 0 0 0
849 0 0 0
850 0 0 0
851 0 0 0
852 0 0 0
853 0 0 0
854 0 0 0
855 0 0 0
856 0 0 0
857 0 0 0
858 0 0 0
859 0 0 0
860 0 0 0
861 0 0 0
862 0 0 0
863 0 0 0
864 0 0 0
865 0 0 0
866 0 0 0
867 0 0 0
868 0 0 0
869 0 0 0
870 0 0 0
871 0 0 0
872 0 0 0
873 0 0 0
874 0 0 0
875 0 0 0
876 0 0 0
877 0 0 0
878 0 0 0
879 0 0 0
880 0 0 0
885 0 0 0
886 0 0 0
887 0 0 0
890 0 0 0
891 0 0 0
1758 0 0 0
1759 0 0 0
1760 0 0 0
1761 0 0 0
1763 0 0 0
1764 0 0 0
1769 0 0 0
1770 0 0 0
1771 0 0 0
1772 0 0 0
1773 0 0 0
1774 0 0 0
1775 0 0 0
1776 0 0 0
1777 0 0 0
1782 0 0 0
1783 0 0 0
1857 0 0 0
1858 0 0 0
1859 0 0 0
1860 0 0 0
1861 0 0 0
1862 0 0 0
1863 0 0 0
1864 0 0 0
1865 0 0 0
1866 0 0 0
1867 0 0 0
1868 0 0 0
1869 0 0 0
1870 0 0 0
1871 0 0 0
1872 0 0 0
1873 0 0 0
1874 0 0 0
1875 0 0 0
1876 0 0 0
1877 0 0 0
1878 0 0 0
1879 0 0 0
1880 0 0 0
1881 0 0 0
1882 0 0 0
1883 0 0 0
1884 0 0 0
1885 0 0 0
1886 0 0 0
1887 0 0 0
1888 0 0 0
1889 0 0 0
1890 0 0 0
1891 0 0 0
1892 0 0 0
1893 0 0 0
1894 0 0 0
1895 0 0 0
1896 0 0 0
1897 0 0 0
1898 0 0 0
1899 0 0 0
1900 0 0 0
1901 0 0 0
1902 0 0 0
1903 0 0 0
1904 0 0 0
1905 0 0 0
1906 0 0 0
1907 0 0 0
1908 0 0 0
1909 0 0 0
1910 0 0 0
1911 0 0 0
1912 0 0 0
1913 0 0 0
1914 0 0 0
1915 0 0 0
1916 0 0 0
1917 0 0 0
1918 0 0 0
1919 0 0 0
1920 0 0 0
1921 0 0 0
1922 0 0 0
1923 0 0 0
1924 0 0 0
3665 0 0 0
3666 0 0 0
3667 0 0 0
3668 0 0 0
3669 0 0 0
3670 0 0 0
3671 0 0 0
3672 0 0 0
3673 0 0 0
3674 0 0 0
3675 0 0 0
3676 0 0 0
3677 0 0 0
3678 0 0 0
3679 0 0 0
3680 0 0 0
3681 0 0 0
3682 0 0 0
3683 0 0 0
3684 0 0 0
3685 0 0 0
3686 0 0 0
3687 0 0 0
3688 0 0 0
3689 0 0 0
3690 0 0 0
3691 0 0 0
3692 0 0 0
3693 0 0 0
3694 0 0 0
3695 0 0 0
3696 0 0 0
3697 0 0 0
3698 0 0 0
3699 0 0 0
3700 0 0 0
3701 0 0 0
3702 0 0 0
3703 0 0 0
3704 0 0 0
3705 0 0 0
3706 0 0 0
3707 0 0 0
3708 0 0 0
3709 0 0 0
3710 0 0 0
3711 0 0 0
3712 0 0 0
3713 0 0 0
3714 0 0 0
3715 0 0 0
3716 0 0 0
3717 0 0 0
3718 0 0 0
3719 0 0 0
3720 0 0 0
3721 0 0 0
3801 0 0 0
3802 0 0 0
3803 0 0 0
3804 0 0 0
3805 0 0 0
3806 0 0 0
3807 0 0 0
3808 0 0 0
3835 0 0 0
3836 0 0 0
3837 0 0 0
3838 0 0 0
3839 0 0 0
3840 0 0 0
3841 0 0 0
3842 0 0 0
3843 0 0 0
3844 0 0 0
3845 0 0 0
3846 0 0 0
3847 0 0 0
3848 0 0 0
3849 0 0 0
3850 0 0 0
3851 0 0 0
3852 0 0 0
3853 0 0 0
3854 0 0 0
3855 0 0 0
3856 0 0 0
3857 0 0 0
3858 0 0 0
3859 0 0 0
3860 0 0 0
3861 0 0 0
3862 0 0 0
3863 0 0 0
3864 0 0 0
3865 0 0 0
3866 0 0 0
3867 0 0 0
3868 0 0 0
3869 0 0 0
3870 0 0 0
3871 0 0 0
3872 0 0 0
3873 0 0 0
3874 0 0 0
3875 0 0 0
3876 0 0 0
3877 0 0 0
3878 0 0 0
3879 0 0 0
3880 0 0 0
3881 0 0 0
3882 0 0 0
3883 0 0 0
3884 0 0 0
3885 0 0 0
3886 0 0 0
3887 0 0 0
3888 0 0 0
3889 0 0 0
3890 0 0 0
3891 0 0 0
3892 0 0 0
3893 0 0 0
3894 0 0 0
3895 0 0 0
3896 0 0 0
3897 0 0 0
3898 0 0 0
3899 0 0 0
3900 0 0 0
3901 0 0 0
3902 0 0 0
3903 0 0 0
3904 0 0 0
3905 0 0 0
3906 0 0 0
3907 0 0 0
3908 0 0 0
3909 0 0 0
3910 0 0 0
3911 0 0 0
3912 0 0 0
3913 0 0 0
3914 0 0 0
3915 0 0 0
3916 0 0 0
3917 0 0 0
3918 0 0 0
3919 0 0 0
3920 0 0 0
3921 0 0 0
3922 0 0 0
3923 0 0 0
3924 0 0 0
3925 0 0 0
3926 0 0 0
3927 0 0 0
3928 0 0 0
3929 0 0 0
3930 0 0 0
3931 0 0 0
3932 0 0 0
3933 0 0 0
3934 0 0 0
3935 0 0 0
3936 0 0 0
3937 0 0 0
3938 0 0 0
3939 0 0 0
3940 0 0 0
3941 0 0 0
3942 0 0 0
3943 0 0 0
3944 0 0 0
3945 0 0 0
3946 0 0 0
3947 0 0 0
3948 0 0 0
3949 0 0 0
3950 0 0 0
3951 0 0 0
3952 0 0 0
3953 0 0 0
3954 0 0 0
3955 0 0 0
3956 0 0 0
3957 0 0 0
3958 0 0 0
3959 0 0 0
3960 0 0 0
3961 0 0 0
3962 0 0 0
3963 0 0 0
3964 0 0 0
3965 0 0 0
3966 0 0 0
3967 0 0 0
3968 0 0 0
3969 0 0 0
3970 0 0 0
3971 0 0 0
3972 0 0 0
3973 0 0 0
3974 0 0 0
3975 0 0 0
3976 0 0 0
3977 0 0 0
3978 0 0 0
3979 0 0 0
3980 0 0 0
3981 0 0 0
3982 0 0 0
4033 0 0 0
4034 0 0 0
4035 0 0 0
4036 0 0 0
4037 0 0 0
4045 0 0 0
4046 0 0 0
4047 0 0 0
4048 0 0 0
4049 0 0 0
4050 0 0 0
4057 0 0 0
4058 0 0 0
4059 0 0 0
4060 0 0 0
4061 0 0 0
4062 0 0 0
4063 0 0 0
4064 0 0 0
4065 0 0 0
4066 0 0 0
4067 0 0 0
4068 0 0 0
4069 0 0 0
4070 0 0 0
4071 0 0 0
4072 0 0 0
4073 0 0 0
4074 0 0 0
4075 0 0 0
4076 0 0 0
4077 0 0 0
4078 0 0 0
4079 0 0 0
4080 0 0 0
4081 0 0 0
4082 0 0 0
4083 0 0 0
4084 0 0 0
4085 0 0 0
4086 0 0 0
4087 0 0 0
4088 0 0 0
4089 0 0 0
4090 0 0 0
4091 0 0 0
4092 0 0 0
4093 0 0 0
4094 0 0 0
4095 0 0 0
4096 0 0 0
4097 0 0 0
4098 0 0 0
4099 0 0 0
4104 0 0 0
4105 0 0 0
4106 0 0 0
4107 0 0 0
4113 0 0 0
4114 0 0 0
4115 0 0 0
4116 0 0 0
4126 0 0 0
4127 0 0 0
4128 0 0 0
4129 0 0 0
4134 0 0 0
4135 0 0 0
4136 0 0 0
4137 0 0 0
4163 0 0 0
4164 0 0 0
4165 0 0 0
4166 0 0 0
4167 0 0 0
4168 0 0 0
4169 0 0 0
4170 0 0 0
4171 0 0 0
4172 0 0 0
4173 0 0 0
4174 0 0 0
4175 0 0 0
4176 0 0 0
4177 0 0 0
4178 0 0 0
4179 0 0 0
4180 0 0 0
4181 0 0 0
4182 0 0 0
4183 0 0 0
4184 0 0 0
4185 0 0 0
4186 0 0 0
4187 0 0 0
4188 0 0 0
4189 0 0 0
4190 0 0 0
4191 0 0 0
4192 0 0 0
4193 0 0 0
4194 0 0 0
4195 0 0 0
4196 0 0 0
4197 0 0 0
4198 0 0 0
4199 0 0 0
4200 0 0 0
4201 0 0 0
4202 0 0 0
4203 0 0 0
4204 0 0 0
4205 0 0 0
4206 0 0 0
4207 0 0 0
4208 0 0 0
4209 0 0 0
4210 0 0 0
4211 0 0 0
4212 0 0 0
4213 0 0 0
4214 0 0 0
4215 0 0 0
4216 0 0 0
4217 0 0 0
4218 0 0 0
4219 0 0 0
4220 0 0 0
4221 0 0 0
4222 0 0 0
4223 0 0 0
4224 0 0 0
4225 0 0 0
4226 0 0 0
4227 0 0 0
4228 0 0 0
4229 0 0 0
4230 0 0 0
4239 0 0 0
4240 0 0 0
4241 0 0 0
4242 0 0 0
4243 0 0 0
4244 0 0 0
4245 0 0 0
4246 0 0 0
4247 0 0 0
4248 0 0 0
4249 0 0 0
4250 0 0 0
4251 0 0 0
4252 0 0 0
4253 0 0 0
4254 0 0 0
4255 0 0 0
4256 0 0 0
4257 0 0 0
4258 0 0 0
4259 0 0 0
4260 0 0 0
4261 0 0 0
4262 0 0 0
4263 0 0 0
4264 0 0 0
4265 0 0 0
4266 0 0 0
4267 0 0 0
4268 0 0 0
4269 0 0 0
4270 0 0 0
4271 0 0 0
4272 0 0 0
4273 0 0 0
4274 0 0 0
4275 0 0 0
4276 0 0 0
4277 0 0 0
4278 0 0 0
4279 0 0 0
4280 0 0 0
4281 0 0 0
4282 0 0 0
4283 0 0 0
4284 0 0 0
4285 0 0 0
4286 0 0 0
4287 0 0 0
4288 0 0 0
4289 0 0 0
4290 0 0 0
4291 0 0 0
4292 0 0 0
4293 0 0 0
4294 0 0 0
4295 0 0 0
4296 0 0 0
4297 0 0 0
4298 0 0 0
4299 0 0 0
4300 0 0 0
4301 0 0 0
4302 0 0 0
4303 0 0 0
4304 0 0 0
4305 0 0 0
4306 0 0 0
4307 0 0 0
4308 0 0 0
4309 0 0 0
4310 0 0 0
4311 0 0 0
4312 0 0 0
4313 0 0 0
4314 0 0 0
4315 0 0 0
4316 0 0 0
4317 0 0 0
4318 0 0 0
4319 0 0 0
4320 0 0 0
4321 0 0 0
4322 0 0 0
4323 0 0 0
4324 0 0 0
4325 0 0 0
4326 0 0 0
4375 0 0 0
4376 0 0 0
4377 0 0 0
4378 0 0 0
4381 0 0 0
4382 0 0 0
