172 2194 173 
172 2003 2194 
172 2002 2003 
173 2193 2195 
173 2194 2193 
173 2195 174 
174 2195 2196 
174 2196 2143 
178 2146 2197 
178 2197 179 
179 2197 2183 
179 2183 180 
180 1963 1962 
180 2183 1963 
902 903 907 
902 907 2164 
902 2164 908 
903 904 907 
903 916 904 
904 1961 1960 
904 905 907 
904 1960 905 
904 916 1961 
905 1960 2182 
905 906 907 
905 2182 2161 
905 2161 906 
906 2161 2162 
906 2162 907 
907 2162 2164 
908 2164 2163 
916 1954 1961 
1954 1958 1961 
1957 1960 1958 
1957 1962 1964 
1957 1964 1960 
1958 1960 1961 
1960 1964 2182 
1962 1963 1964 
1963 2181 1964 
1963 2180 2181 
1963 2183 2180 
1964 2181 2182 
1973 1974 1975 
1973 2187 1974 
1973 1975 1976 
1973 2188 2187 
1974 2187 2191 
1974 2200 2004 
1974 2199 2200 
1974 2004 1975 
1974 2191 2199 
1975 1979 1976 
1975 1978 1979 
1975 2004 1978 
1978 2004 2002 
2002 2004 2003 
2003 2192 2194 
2003 2005 2192 
2003 2004 2005 
2004 2200 2198 
2004 2198 2005 
2005 2198 2192 
2143 3624 2144 
2143 2196 4297 
2143 4297 4296 
2143 4296 3624 
2144 3624 2146 
2146 4298 2197 
2146 3624 4298 
2161 2182 2184 
2161 3959 3957 
2161 3956 2162 
2161 3957 3956 
2161 2184 3959 
2162 3956 2164 
2163 3960 3961 
2163 2164 3960 
2164 3953 3960 
2164 3956 3953 
2180 2183 4249 
2180 4249 4246 
2180 4246 2181 
2181 2184 2182 
2181 3959 2184 
2181 4246 3959 
2183 2197 4247 
2183 4247 4249 
2187 2188 2190 
2187 4291 2191 
2187 2190 4285 
2187 4277 4291 
2187 4285 4277 
2191 4291 2199 
2192 2193 2194 
2192 4294 2193 
2192 4299 4300 
2192 4300 4294 
2192 2198 4299 
2193 4293 2195 
2193 4294 4292 
2193 4292 4293 
2195 4293 2196 
2196 4293 4297 
2197 4298 4247 
2198 2200 4299 
2199 4291 4301 
2199 4301 2200 
2200 4269 4299 
2200 4301 4269 
3593 3594 3595 
3593 3606 3594 
3593 3603 3606 
3594 4279 4278 
3594 3606 4279 
3594 4284 3595 
3594 4278 4284 
3602 4310 4311 
3602 3606 3603 
3602 3605 3606 
3602 4311 3605 
3605 4279 3606 
3605 4273 4279 
3605 4311 4280 
3605 4274 4273 
3605 4280 4274 
3607 3611 3612 
3607 3612 3620 
3607 3620 3613 
3611 4234 3612 
3611 4232 4234 
3612 3952 3951 
3612 3951 3620 
3612 4234 3952 
3613 3620 3621 
3613 3621 3614 
3614 3920 3916 
3614 3622 3920 
3614 3621 3622 
3620 3951 3950 
3620 3950 3621 
3621 3950 3940 
3621 3940 3622 
3622 3941 3920 
3622 3940 3941 
3624 4296 4298 
3884 3903 3913 
3884 3913 3911 
3884 3911 3932 
3884 3932 3885 
3885 3932 3931 
3885 3931 3886 
3886 3930 3887 
3886 3931 3930 
3887 4311 4310 
3887 3930 4311 
3901 3906 3902 
3901 3917 3906 
3902 3906 3912 
3902 3912 3903 
3903 3912 3913 
3906 3907 3912 
3906 3921 3907 
3906 3922 3921 
3906 3917 3922 
3907 3933 3908 
3907 3908 3912 
3907 3921 3933 
3908 3933 3934 
3908 3934 3909 
3908 3913 3912 
3908 3909 3913 
3909 3934 3935 
3909 3911 3913 
3909 3910 3911 
3909 3935 3910 
3910 3929 3911 
3910 3923 3929 
3910 3935 3923 
3911 3929 3932 
3916 3922 3917 
3916 3920 3922 
3920 3941 3942 
3920 3942 3921 
3920 3921 3922 
3921 3942 3933 
3923 3938 3939 
3923 3935 3938 
3923 3939 3924 
3923 3924 3929 
3924 4266 3925 
3924 3925 3928 
3924 3928 3929 
3924 3939 4266 
3925 3926 3927 
3925 3927 3928 
3925 4265 3926 
3925 4266 4265 
3926 4265 4264 
3926 4275 3927 
3926 4264 4275 
3927 3931 3928 
3927 3930 3931 
3927 4280 3930 
3927 4275 4280 
3928 3932 3929 
3928 3931 3932 
3930 4280 4311 
3933 3942 3936 
3933 3936 3934 
3934 3937 3935 
3934 3936 3937 
3935 3937 3938 
3936 3945 3949 
3936 3949 3937 
3936 3942 3945 
3937 3949 4258 
3937 4258 3938 
3938 4258 4257 
3938 4257 4256 
3938 4256 3939 
3939 4256 4266 
3940 3943 3944 
3940 3950 3943 
3940 3944 3941 
3941 3945 3942 
3941 3944 3945 
3943 3955 3946 
3943 3950 3955 
3943 3947 3944 
3943 3946 3947 
3944 3948 3945 
3944 3947 3948 
3945 3948 3949 
3946 3957 3959 
3946 3959 3958 
3946 3958 3947 
3946 3955 3957 
3947 3958 4251 
3947 4251 3948 
3948 4250 3949 
3948 4251 4250 
3949 4250 4258 
3950 3954 3955 
3950 3951 3954 
3951 3952 3953 
3951 3953 3954 
3952 4234 4233 
3952 4233 4236 
3952 4236 3953 
3953 3956 3954 
3953 4236 3960 
3954 3956 3957 
3954 3957 3955 
3958 4246 4249 
3958 4249 4251 
3958 3959 4246 
3960 4236 3961 
3961 4236 4235 
4231 4235 4233 
4231 4233 4232 
4232 4233 4234 
4233 4235 4236 
4247 4252 4248 
4247 4248 4249 
4247 4298 4252 
4248 4250 4251 
4248 4252 4255 
4248 4255 4250 
4248 4251 4249 
4250 4255 4258 
4252 4298 4296 
4252 4296 4253 
4252 4253 4255 
4253 4296 4295 
4253 4259 4254 
4253 4254 4255 
4253 4295 4259 
4254 4259 4263 
4254 4263 4256 
4254 4256 4257 
4254 4257 4255 
4255 4257 4258 
4256 4263 4266 
4259 4295 4260 
4259 4262 4263 
4259 4260 4262 
4260 4295 4292 
4260 4292 4294 
4260 4261 4262 
4260 4300 4267 
4260 4267 4261 
4260 4294 4300 
4261 4272 4264 
4261 4267 4272 
4261 4265 4262 
4261 4264 4265 
4262 4265 4266 
4262 4266 4263 
4264 4272 4275 
4267 4271 4272 
4267 4300 4268 
4267 4268 4271 
4268 4299 4269 
4268 4300 4299 
4268 4269 4271 
4269 4276 4270 
4269 4270 4271 
4269 4301 4276 
4270 4276 4273 
4270 4273 4271 
4271 4273 4274 
4271 4274 4272 
4272 4274 4275 
4273 4276 4279 
4274 4280 4275 
4276 4301 4277 
4276 4278 4279 
4276 4277 4278 
4277 4301 4291 
4277 4288 4278 
4277 4285 4288 
4278 4281 4284 
4278 4288 4281 
4292 4297 4293 
4292 4295 4297 
4295 4296 4297 
