803 0 0 0
1041 0 0 0
1043 0 0 0
1044 0 0 0
1048 0 0 0
1049 0 0 0
1052 0 0 0
1053 0 0 0
1056 0 0 0
1057 0 0 0
1058 0 0 0
1059 0 0 0
1065 0 0 0
1069 0 0 0
1070 0 0 0
1071 0 0 0
1075 0 0 0
1076 0 0 0
1077 0 0 0
1081 0 0 0
1082 0 0 0
1085 0 0 0
1087 0 0 0
1088 0 0 0
1090 0 0 0
1094 0 0 0
1095 0 0 0
1097 0 0 0
3484 0 0 0
3548 0 0 0
3549 0 0 0
3550 0 0 0
3551 0 0 0
3552 0 0 0
3553 0 0 0
3554 0 0 0
3555 0 0 0
3556 0 0 0
3557 0 0 0
3558 0 0 0
3559 0 0 0
3560 0 0 0
3561 0 0 0
3562 0 0 0
3563 0 0 0
3564 0 0 0
3565 0 0 0
3566 0 0 0
3567 0 0 0
3568 0 0 0
3569 0 0 0
3570 0 0 0
3571 0 0 0
3572 0 0 0
3573 0 0 0
3574 0 0 0
3575 0 0 0
3576 0 0 0
3577 0 0 0
3578 0 0 0
3579 0 0 0
3580 0 0 0
3581 0 0 0
3582 0 0 0
3583 0 0 0
3584 0 0 0
3612 0 0 0
3613 0 0 0
3614 0 0 0
3615 0 0 0
3616 0 0 0
3631 0 0 0
3632 0 0 0
3669 0 0 0
3670 0 0 0
3671 0 0 0
3672 0 0 0
3673 0 0 0
3674 0 0 0
3675 0 0 0
3676 0 0 0
3677 0 0 0
3678 0 0 0
3679 0 0 0
3680 0 0 0
3681 0 0 0
3682 0 0 0
3683 0 0 0
3684 0 0 0
3685 0 0 0
3686 0 0 0
3687 0 0 0
3688 0 0 0
3689 0 0 0
3690 0 0 0
3691 0 0 0
3692 0 0 0
3693 0 0 0
3694 0 0 0
3695 0 0 0
3696 0 0 0
3697 0 0 0
3698 0 0 0
3699 0 0 0
3700 0 0 0
3701 0 0 0
3702 0 0 0
3703 0 0 0
3704 0 0 0
3705 0 0 0
3706 0 0 0
3707 0 0 0
3708 0 0 0
3709 0 0 0
3710 0 0 0
3711 0 0 0
3712 0 0 0
3722 0 0 0
3723 0 0 0
3724 0 0 0
3725 0 0 0
3734 0 0 0
3735 0 0 0
3736 0 0 0
3737 0 0 0
3738 0 0 0
3739 0 0 0
3740 0 0 0
3741 0 0 0
3742 0 0 0
3748 0 0 0
3749 0 0 0
3750 0 0 0
3763 0 0 0
3764 0 0 0
3765 0 0 0
3766 0 0 0
3767 0 0 0
3768 0 0 0
3769 0 0 0
3770 0 0 0
3771 0 0 0
3772 0 0 0
3773 0 0 0
3774 0 0 0
3775 0 0 0
3776 0 0 0
3777 0 0 0
3778 0 0 0
3779 0 0 0
3780 0 0 0
3781 0 0 0
3782 0 0 0
3783 0 0 0
3784 0 0 0
3785 0 0 0
3786 0 0 0
3787 0 0 0
3788 0 0 0
3789 0 0 0
3790 0 0 0
3791 0 0 0
3792 0 0 0
3793 0 0 0
3794 0 0 0
3795 0 0 0
3796 0 0 0
3797 0 0 0
3798 0 0 0
3799 0 0 0
3800 0 0 0
3801 0 0 0
3802 0 0 0
3803 0 0 0
3804 0 0 0
3805 0 0 0
3806 0 0 0
3807 0 0 0
3808 0 0 0
3809 0 0 0
3810 0 0 0
3816 0 0 0
3817 0 0 0
3818 0 0 0
3819 0 0 0
3820 0 0 0
3821 0 0 0
3822 0 0 0
3823 0 0 0
3828 0 0 0
3829 0 0 0
3830 0 0 0
3831 0 0 0
3832 0 0 0
3833 0 0 0
3834 0 0 0
3835 0 0 0
3836 0 0 0
3837 0 0 0
3838 0 0 0
3839 0 0 0
3840 0 0 0
3841 0 0 0
3842 0 0 0
3848 0 0 0
3849 0 0 0
3850 0 0 0
3851 0 0 0
3852 0 0 0
3853 0 0 0
3854 0 0 0
3855 0 0 0
3856 0 0 0
3857 0 0 0
3858 0 0 0
3859 0 0 0
3860 0 0 0
3861 0 0 0
3862 0 0 0
3863 0 0 0
3864 0 0 0
3865 0 0 0
3866 0 0 0
3867 0 0 0
3868 0 0 0
3869 0 0 0
3870 0 0 0
3871 0 0 0
3872 0 0 0
3873 0 0 0
3874 0 0 0
3875 0 0 0
3876 0 0 0
3877 0 0 0
3878 0 0 0
3879 0 0 0
3880 0 0 0
3881 0 0 0
3882 0 0 0
3883 0 0 0
3884 0 0 0
3885 0 0 0
3886 0 0 0
3887 0 0 0
3888 0 0 0
3889 0 0 0
3890 0 0 0
3891 0 0 0
3892 0 0 0
3893 0 0 0
3894 0 0 0
3895 0 0 0
3896 0 0 0
3897 0 0 0
3898 0 0 0
3899 0 0 0
3900 0 0 0
3901 0 0 0
3902 0 0 0
3903 0 0 0
3904 0 0 0
3905 0 0 0
3906 0 0 0
3907 0 0 0
3908 0 0 0
3909 0 0 0
3910 0 0 0
3911 0 0 0
3912 0 0 0
3913 0 0 0
3914 0 0 0
3915 0 0 0
3916 0 0 0
3917 0 0 0
3918 0 0 0
3919 0 0 0
3920 0 0 0
3921 0 0 0
3922 0 0 0
3923 0 0 0
3924 0 0 0
3925 0 0 0
3926 0 0 0
3927 0 0 0
3928 0 0 0
3929 0 0 0
3930 0 0 0
3931 0 0 0
3932 0 0 0
3933 0 0 0
3934 0 0 0
3935 0 0 0
3936 0 0 0
3937 0 0 0
3938 0 0 0
3939 0 0 0
3940 0 0 0
3941 0 0 0
3942 0 0 0
3943 0 0 0
3944 0 0 0
3945 0 0 0
3946 0 0 0
3947 0 0 0
3948 0 0 0
3949 0 0 0
3950 0 0 0
3951 0 0 0
3952 0 0 0
3953 0 0 0
3954 0 0 0
3955 0 0 0
3956 0 0 0
3957 0 0 0
3958 0 0 0
3959 0 0 0
3960 0 0 0
3961 0 0 0
3962 0 0 0
3963 0 0 0
3964 0 0 0
3965 0 0 0
3966 0 0 0
3967 0 0 0
3968 0 0 0
3969 0 0 0
3970 0 0 0
3971 0 0 0
3972 0 0 0
3973 0 0 0
3974 0 0 0
3975 0 0 0
3976 0 0 0
3977 0 0 0
3978 0 0 0
3979 0 0 0
3980 0 0 0
3981 0 0 0
3982 0 0 0
3983 0 0 0
3984 0 0 0
3985 0 0 0
3986 0 0 0
3987 0 0 0
3988 0 0 0
3989 0 0 0
3990 0 0 0
3991 0 0 0
3992 0 0 0
3993 0 0 0
3994 0 0 0
3995 0 0 0
3996 0 0 0
3997 0 0 0
3998 0 0 0
3999 0 0 0
4000 0 0 0
4001 0 0 0
4002 0 0 0
4003 0 0 0
4004 0 0 0
4005 0 0 0
4006 0 0 0
4007 0 0 0
4008 0 0 0
4009 0 0 0
4010 0 0 0
4011 0 0 0
4012 0 0 0
4013 0 0 0
4014 0 0 0
4015 0 0 0
4016 0 0 0
4017 0 0 0
4018 0 0 0
4019 0 0 0
4020 0 0 0
4021 0 0 0
4022 0 0 0
4023 0 0 0
4024 0 0 0
4025 0 0 0
4026 0 0 0
4027 0 0 0
4028 0 0 0
4029 0 0 0
4030 0 0 0
4031 0 0 0
4032 0 0 0
4033 0 0 0
4034 0 0 0
4035 0 0 0
4036 0 0 0
4037 0 0 0
4038 0 0 0
4039 0 0 0
4040 0 0 0
4041 0 0 0
4042 0 0 0
4043 0 0 0
4044 0 0 0
4045 0 0 0
4046 0 0 0
4047 0 0 0
4048 0 0 0
4049 0 0 0
4050 0 0 0
4051 0 0 0
4052 0 0 0
4053 0 0 0
4054 0 0 0
4055 0 0 0
4056 0 0 0
4057 0 0 0
4058 0 0 0
4059 0 0 0
4060 0 0 0
4061 0 0 0
4062 0 0 0
4063 0 0 0
4064 0 0 0
4065 0 0 0
4066 0 0 0
4067 0 0 0
4068 0 0 0
4069 0 0 0
4070 0 0 0
4071 0 0 0
4072 0 0 0
4073 0 0 0
4074 0 0 0
4075 0 0 0
4076 0 0 0
4077 0 0 0
4078 0 0 0
4079 0 0 0
4080 0 0 0
4081 0 0 0
4082 0 0 0
4083 0 0 0
4084 0 0 0
4085 0 0 0
4086 0 0 0
4087 0 0 0
4088 0 0 0
4089 0 0 0
4090 0 0 0
4091 0 0 0
4092 0 0 0
4093 0 0 0
4094 0 0 0
4095 0 0 0
4096 0 0 0
4097 0 0 0
4098 0 0 0
4099 0 0 0
4100 0 0 0
4101 0 0 0
4102 0 0 0
4103 0 0 0
4104 0 0 0
4105 0 0 0
4106 0 0 0
4107 0 0 0
4108 0 0 0
4109 0 0 0
4110 0 0 0
4111 0 0 0
4112 0 0 0
4113 0 0 0
4114 0 0 0
4115 0 0 0
4116 0 0 0
4117 0 0 0
4118 0 0 0
4119 0 0 0
4120 0 0 0
4121 0 0 0
4122 0 0 0
4123 0 0 0
4124 0 0 0
4125 0 0 0
4126 0 0 0
