0 27 1 
0 8 10 
0 6 8 
0 10 11 
0 11 27 
0 1 7 
0 7 6 
1 2 7 
1 27 26 
1 26 2 
2 3 7 
2 23 3 
2 48 22 
2 22 23 
2 26 48 
3 4 5 
3 5 7 
3 23 4 
4 17 5 
4 16 17 
4 21 16 
4 23 21 
5 17 15 
5 15 6 
5 6 7 
6 34 8 
6 15 34 
8 33 9 
8 34 33 
8 9 10 
9 29 10 
9 59 28 
9 28 29 
9 33 59 
10 29 11 
11 29 30 
11 24 27 
11 54 24 
11 30 54 
12 44 13 
12 16 38 
12 39 44 
12 37 39 
12 38 37 
12 13 16 
13 43 14 
13 44 43 
13 14 17 
13 17 16 
14 66 31 
14 43 66 
14 31 15 
14 15 17 
15 31 34 
16 21 38 
18 19 22 
18 22 46 
19 20 23 
19 23 22 
20 35 38 
20 38 21 
20 21 23 
22 48 46 
24 55 25 
24 54 55 
24 25 26 
24 26 27 
25 48 26 
25 82 47 
25 47 48 
25 55 82 
28 59 58 
28 58 94 
28 94 60 
28 60 29 
29 60 61 
29 61 30 
30 62 54 
30 61 62 
31 32 34 
31 65 32 
31 66 65 
32 98 56 
32 33 34 
32 65 98 
32 56 33 
33 56 59 
35 37 38 
35 36 37 
36 70 37 
36 69 70 
37 70 39 
39 40 41 
39 41 44 
39 70 40 
40 112 77 
40 68 112 
40 77 78 
40 78 41 
40 70 68 
41 78 76 
41 76 42 
41 42 44 
42 63 43 
42 43 44 
42 76 63 
43 63 66 
45 47 81 
45 46 47 
46 48 47 
47 82 81 
54 91 55 
54 62 91 
55 92 127 
55 91 92 
55 127 79 
55 79 82 
56 57 59 
56 97 57 
56 98 97 
57 58 59 
57 97 138 
57 138 93 
57 93 58 
58 93 94 
60 94 102 
60 102 61 
61 103 62 
61 102 103 
62 103 101 
62 101 131 
62 131 91 
63 104 64 
63 64 66 
63 76 104 
64 95 65 
64 65 66 
64 104 95 
65 95 98 
67 109 112 
67 112 68 
67 68 69 
68 70 69 
73 74 77 
73 111 114 
73 77 112 
73 114 74 
73 112 111 
74 114 119 
74 75 78 
74 119 75 
74 78 77 
75 118 104 
75 119 118 
75 76 78 
75 104 76 
79 80 82 
79 127 80 
80 127 126 
80 81 82 
91 132 92 
91 131 132 
92 124 127 
92 180 124 
92 132 180 
93 135 94 
93 138 135 
94 136 102 
94 135 136 
95 140 96 
95 96 98 
95 104 140 
96 137 97 
96 97 98 
96 286 137 
96 140 286 
97 137 138 
99 136 134 
99 134 284 
99 102 136 
99 284 141 
99 141 100 
99 100 102 
100 103 102 
100 141 146 
100 101 103 
100 146 101 
101 145 131 
101 146 145 
104 147 139 
104 118 147 
104 139 140 
109 110 111 
109 111 112 
110 160 111 
110 159 160 
111 160 114 
114 115 119 
114 160 115 
115 116 119 
115 160 158 
115 158 304 
115 304 163 
115 163 116 
116 166 117 
116 118 119 
116 117 118 
116 163 166 
117 147 118 
117 162 296 
117 166 162 
117 296 147 
124 179 125 
124 180 179 
124 126 127 
124 125 126 
131 145 276 
131 276 132 
132 276 177 
132 177 180 
133 279 281 
133 281 134 
133 134 136 
133 135 280 
133 136 135 
133 280 279 
134 281 284 
135 138 280 
137 277 138 
137 286 277 
138 277 280 
139 286 140 
139 285 286 
139 147 296 
139 296 285 
141 284 283 
141 283 142 
141 142 146 
142 283 287 
142 143 146 
142 287 143 
143 294 144 
143 144 145 
143 145 146 
143 287 294 
144 294 292 
144 276 145 
144 441 276 
144 292 441 
157 301 158 
157 158 159 
158 301 304 
158 160 159 
161 162 165 
161 308 295 
161 295 162 
161 165 308 
162 166 165 
162 295 296 
163 303 164 
163 304 303 
163 164 166 
164 474 305 
164 305 165 
164 165 166 
164 303 474 
165 305 306 
165 306 308 
177 276 325 
177 325 178 
177 178 180 
178 179 180 
178 325 324 
276 441 322 
276 322 325 
277 449 278 
277 278 280 
277 286 449 
278 442 445 
278 447 442 
278 445 279 
278 449 447 
278 279 280 
279 445 281 
281 282 284 
281 445 282 
282 454 283 
282 660 450 
282 444 660 
282 445 444 
282 283 284 
282 450 454 
283 454 287 
285 295 466 
285 466 448 
285 449 286 
285 448 449 
285 296 295 
287 454 288 
287 288 294 
288 454 455 
288 455 289 
288 289 293 
288 293 294 
289 455 453 
289 290 293 
290 291 293 
291 440 292 
291 292 293 
292 294 293 
292 440 441 
295 308 466 
301 302 304 
302 303 304 
302 471 474 
302 474 303 
305 474 473 
305 473 690 
305 475 306 
305 690 475 
306 475 477 
306 307 308 
306 477 307 
307 466 308 
307 477 465 
307 465 466 
322 324 325 
322 441 323 
322 323 324 
323 441 440 
442 447 665 
442 444 445 
442 443 444 
442 665 443 
443 656 444 
443 663 656 
443 665 663 
444 656 660 
446 447 448 
446 664 665 
446 665 447 
446 448 465 
446 682 664 
446 465 682 
447 449 448 
448 466 465 
450 661 451 
450 455 454 
450 451 455 
450 660 661 
451 661 659 
451 659 452 
451 453 455 
451 452 453 
465 477 682 
471 473 474 
471 472 473 
472 687 473 
473 687 690 
475 694 476 
475 689 695 
475 695 694 
475 690 689 
475 476 477 
476 694 681 
476 682 477 
476 681 682 
656 905 657 
656 657 660 
656 663 905 
657 905 904 
657 661 660 
657 658 661 
657 904 658 
658 659 661 
658 904 901 
662 902 905 
662 922 902 
662 681 922 
662 664 681 
662 663 664 
662 905 663 
663 665 664 
664 682 681 
681 694 922 
687 689 690 
687 688 689 
688 691 695 
688 695 689 
691 692 693 
691 693 695 
692 921 923 
692 923 693 
693 694 695 
693 923 922 
693 922 694 
900 903 921 
900 901 903 
901 904 903 
902 923 903 
902 904 905 
902 922 923 
902 903 904 
903 923 921 
